-33.9360	151.1732	0
-33.9227	151.1694	168
-33.9165	151.1677	421
-33.8770	151.1335	1006
-33.8588	151.1105	1128
-33.8420	151.0895	1318
-33.8224	151.0639	1646
-33.8147	151.0542	1737
-33.8103	151.0486	1768
-33.8047	151.0414	1829
-33.7889	151.0213	1928
-33.7697	150.9967	2042
-33.7644	150.9898	2073
-33.7589	150.9828	2103
-33.7477	150.9685	2195
-33.7364	150.9540	2316
-33.7307	150.9467	2377
-33.7244	150.9387	2461
-33.6907	150.8957	2819
-33.6609	150.8586	3132
-33.6477	150.8444	3261
-33.6392	150.8361	3353
-33.6321	150.8296	3444
-33.6249	150.8233	3505
-33.6175	150.8173	3597
-33.6118	150.8127	3703
-33.6042	150.8067	378
-33.5873	150.7935	3993
-33.5858	150.7922	4008
-33.5421	150.7582	4488
-33.5271	150.7465	4633
-33.5094	150.7327	4816
-33.5066	150.7305	4862
-33.4934	150.7203	4999
-33.4710	150.7027	5182
-33.4691	150.7013	5212
-33.4449	150.6824	5418
-33.3772	150.6294	5974
-33.3685	150.6227	6035
-33.3599	150.6160	6096
-33.3101	150.5771	65
-33.2748	150.5496	6759
-33.2626	150.5401	6858
-33.2537	150.5330	6919
-33.2448	150.5260	698
-33.2358	150.5190	7041
-33.2177	150.5050	7132
-33.1994	150.4908	7254
-33.1812	150.4767	7346
-33.1744	150.4713	7376
-33.1717	150.4693	7407
-33.1530	150.4548	7498
-33.1372	150.4426	7612
-33.0817	150.3995	7971
-33.0612	150.3837	8077
-33.0584	150.3816	8108
-33.0522	150.3768	8146
-33.0393	150.3667	8199
-33.0324	150.3614	823
-33.0200	150.3518	8321
-33.0103	150.3443	8352
-33.0038	150.3393	8405
-32.9937	150.3315	8473
-32.9259	150.2792	8839
-32.8729	150.2384	9114
-32.8630	150.2307	9144
-32.8458	150.2175	9174
-32.8357	150.2097	9205
-32.8296	150.2050	9228
-32.8226	150.1996	9266
-32.8124	150.1917	9296
-32.7950	150.1784	9357
-32.7920	150.1761	9388
-32.7715	150.1603	9449
-32.7642	150.1547	9479
-32.7436	150.1389	9571
-32.7406	150.1366	9601
-32.7199	150.1209	9723
-32.7062	150.1103	9815
-32.6995	150.1052	9845
-32.6688	150.0818	10058
-32.6487	150.0664	10211
-32.6443	150.0631	10241
-32.5849	150.0178	10668
-32.5596	149.9984	10759
-32.5497	149.9908	1079
-32.5329	149.9780	10851
-32.5261	149.9728	10874
-32.5104	149.9607	10912
-32.5005	149.9532	10942
-32.4907	149.9457	10973
-32.4809	149.9382	10973
-32.4710	149.9307	10973
-32.4689	149.9291	1098
-32.4543	149.9180	10973
-32.4445	149.9106	10973
-32.4320	149.9010	10973
-32.4223	149.8937	10973
-32.4058	149.8811	10973
-32.4030	149.8790	10973
-32.3838	149.8645	10973
-32.3770	149.8593	10973
-32.3646	149.8499	10973
-32.3550	149.8426	10973
-32.3504	149.8391	10973
-32.3386	149.8302	10973
-32.3359	149.8281	10973
-32.3167	149.8135	10973
-32.2908	149.7938	10973
-32.2688	149.7772	10973
-32.2497	149.7627	10973
-32.2345	149.7512	10973
-32.2237	149.7430	10973
-32.2017	149.7264	10973
-32.1826	149.7118	10973
-32.1761	149.7070	10973
-32.1566	149.6922	10973
-32.1346	149.6756	10973
-32.1154	149.6611	10973
-32.0962	149.6466	10973
-32.0866	149.6395	10973
-32.0701	149.6270	10973
-32.0673	149.6249	10973
-32.0612	149.6203	10973
-32.0035	149.5769	10973
-31.9808	149.5599	10973
-31.9712	149.5526	10973
-31.9616	149.5454	10973
-31.9520	149.5382	10973
-31.9350	149.5254	10973
-31.9254	149.5182	10973
-31.9136	149.5094	10973
-31.9039	149.5022	10973
-31.8943	149.4950	10973
-31.8847	149.4878	10973
-31.8581	149.4678	10973
-31.8464	149.4590	10973
-31.8368	149.4518	10973
-31.8272	149.4446	10973
-31.8102	149.4319	10973
-31.8080	149.4303	10973
-31.7889	149.4159	10973
-31.7815	149.4104	10973
-31.7697	149.4016	10973
-31.7689	149.4010	10973
-31.7601	149.3945	10973
-31.7410	149.3801	10973
-31.7219	149.3659	10973
-31.7145	149.3603	10973
-31.7115	149.3581	10973
-31.6954	149.3460	10973
-31.6932	149.3444	10973
-31.6741	149.3302	10973
-31.6550	149.3160	10973
-31.6477	149.3105	10973
-31.6286	149.2963	10973
-31.6265	149.2947	10973
-31.6074	149.2805	10973
-31.5963	149.2722	10973
-31.5883	149.2664	10973
-31.5788	149.2593	10973
-31.5620	149.2467	10973
-31.5598	149.2451	10973
-31.5408	149.2309	10973
-31.5334	149.2254	10973
-31.5247	149.2190	10973
-31.5217	149.2168	10973
-31.5122	149.2097	10973
-31.5026	149.2026	10973
-31.4931	149.1955	10973
-31.4762	149.1829	10973
-31.4697	149.1781	10973
-31.4094	149.1335	10973
-31.3999	149.1264	10973
-31.3882	149.1178	10973
-31.3786	149.1107	10973
-31.3691	149.1036	10973
-31.3523	149.0912	10973
-31.3310	149.0754	10973
-31.3215	149.0683	10973
-31.3119	149.0613	10973
-31.3024	149.0543	10973
-31.2949	149.0487	10973
-31.2833	149.0402	10973
-31.2642	149.0260	10973
-31.2568	149.0206	10973
-31.2354	149.0049	10973
-31.2163	148.9908	10973
-31.1971	148.9767	10973
-31.1897	148.9712	10973
-31.1796	148.9637	10973
-31.1706	148.9571	10973
-31.1684	148.9555	10973
-31.1493	148.9414	10973
-31.1301	148.9273	10973
-31.1205	148.9202	10973
-31.1035	148.9078	10973
-31.1013	148.9062	10973
-31.0821	148.8921	10973
-31.0747	148.8866	10973
-31.0630	148.8780	10973
-31.0533	148.8710	10973
-31.0438	148.8639	10973
-31.0268	148.8515	10973
-31.0172	148.8445	10973
-31.0055	148.8359	10973
-30.9959	148.8289	10973
-30.9863	148.8218	10973
-30.9768	148.8149	10973
-30.9577	148.8009	10973
-30.9492	148.7947	10973
-30.9386	148.7869	10973
-30.9313	148.7816	10973
-30.9100	148.7660	10973
-30.8910	148.7520	10973
-30.8433	148.7172	10973
-30.8300	148.7075	10973
-30.8242	148.7033	10973
-30.8052	148.6894	10973
-30.7767	148.6686	10973
-30.7734	148.6662	10973
-30.7577	148.6548	10973
-30.7386	148.6409	10973
-30.7123	148.6217	10973
-30.7101	148.6201	10973
-30.6911	148.6063	10973
-30.6721	148.5925	10973
-30.6648	148.5872	10973
-30.6580	148.5822	10973
-30.6531	148.5786	10973
-30.6436	148.5718	10973
-30.6268	148.5596	10973
-30.6246	148.5580	10973
-30.6057	148.5442	10973
-30.5983	148.5389	10973
-30.5867	148.5304	10973
-30.5772	148.5235	10973
-30.5603	148.5113	10973
-30.5582	148.5097	10973
-30.5391	148.4959	10973
-30.5296	148.4890	10973
-30.5201	148.4822	10973
-30.5105	148.4753	10973
-30.5010	148.4684	10973
-30.4842	148.4563	10973
-30.4747	148.4494	10973
-30.4630	148.4410	10973
-30.4535	148.4341	10973
-30.4440	148.4272	10973
-30.4345	148.4203	10973
-30.4177	148.4081	10973
-30.4080	148.4011	10973
-30.3965	148.3928	10973
-30.3870	148.3859	10973
-30.3775	148.3790	10973
-30.3680	148.3722	10973
-30.3489	148.3584	10973
-30.2919	148.3173	10973
-30.2630	148.2965	10973
-30.2556	148.2912	10973
-30.2439	148.2828	10973
-30.2343	148.2759	10973
-30.2152	148.2622	10973
-30.1961	148.2484	10973
-30.1888	148.2432	10973
-30.1696	148.2294	10973
-30.1675	148.2279	10973
-30.1484	148.2142	10973
-30.1293	148.2004	10973
-30.1196	148.1935	10973
-30.1028	148.1815	10973
-30.1007	148.1800	10973
-30.0815	148.1663	10973
-30.0626	148.1525	10973
-30.0349	148.1307	10973
-29.9987	148.0988	10973
-29.9739	148.0747	10973
-29.9596	148.0606	10973
-29.9512	148.0523	10973
-29.9404	148.0418	10973
-29.9319	148.0336	10973
-29.9235	148.0254	10973
-29.9152	148.0172	10973
-29.9067	148.0090	10973
-29.8924	147.9950	10973
-29.8841	147.9869	10973
-29.8733	147.9763	10973
-29.8649	147.9682	10973
-29.8565	147.9600	10973
-29.8482	147.9518	10973
-29.8367	147.9407	10973
-29.8315	147.9355	10973
-29.8088	147.9135	10973
-29.7897	147.8949	10973
-29.7862	147.8915	10973
-29.7730	147.8786	10973
-29.7504	147.8566	10973
-29.7314	147.8380	10973
-29.7147	147.8218	10973
-29.6980	147.8056	10973
-29.6897	147.7975	10973
-29.6861	147.7940	10973
-29.6755	147.7837	10973
-29.6730	147.7813	10973
-29.6563	147.7651	10973
-29.6396	147.7488	10973
-29.6312	147.7407	10973
-29.6146	147.7244	10973
-29.5918	147.7024	10973
-29.5851	147.6959	10973
-29.5810	147.6920	10973
-29.5726	147.6838	10973
-29.5643	147.6757	10973
-29.5558	147.6676	10973
-29.5415	147.6538	10973
-29.5331	147.6457	10973
-29.4855	147.5998	10973
-29.4634	147.5784	10973
-29.4550	147.5703	10973
-29.4465	147.5622	10973
-29.4381	147.5541	10973
-29.4338	147.5499	10973
-29.4297	147.5460	10973
-29.4129	147.5298	10973
-29.3829	147.5009	10973
-29.3326	147.4524	10973
-29.3121	147.4326	10973
-29.2953	147.4164	10973
-29.2815	147.4032	10973
-29.2725	147.3945	10973
-29.2533	147.3761	10973
-29.2365	147.3601	10973
-29.2305	147.3544	10973
-29.2138	147.3383	10973
-29.1612	147.2878	10973
-29.1528	147.2799	10973
-29.1386	147.2662	10973
-29.1362	147.2639	10973
-29.1195	147.2479	10973
-29.1111	147.2399	10973
-29.1028	147.2319	10973
-29.0945	147.2240	10973
-29.0803	147.2104	10973
-29.0715	147.2020	10973
-29.0632	147.1940	10973
-29.0530	147.1843	10973
-29.0447	147.1764	10973
-29.0364	147.1684	10973
-29.0217	147.1545	10973
-29.0116	147.1448	10973
-28.9620	147.0975	10973
-28.9538	147.0897	10973
-28.9474	147.0836	10973
-28.9309	147.0679	10973
-28.9290	147.0661	10973
-28.9126	147.0504	10973
-28.8961	147.0346	10973
-28.8897	147.0287	10973
-28.8714	147.0112	10973
-28.8621	147.0025	10973
-28.8549	146.9956	10973
-28.8385	146.9800	10973
-28.8321	146.9739	10973
-28.8139	146.9566	10973
-28.7974	146.9409	10973
-28.7891	146.9332	10973
-28.7809	146.9254	10973
-28.7727	146.9176	10973
-28.7582	146.9038	10973
-28.7564	146.9020	10973
-28.7399	146.8866	10973
-28.7318	146.8789	10973
-28.6748	146.8249	10973
-28.6667	146.8173	10973
-28.6586	146.8096	10973
-28.6505	146.8019	10973
-28.6342	146.7865	10973
-28.6280	146.7807	10973
-28.6181	146.7713	10973
-28.6099	146.7636	10973
-28.5667	146.7228	10973
-28.5614	146.7178	10973
-28.5534	146.7102	10973
-28.5372	146.6950	10973
-28.5210	146.6797	10973
-28.4986	146.6585	10973
-28.4805	146.6415	10973
-28.4692	146.6309	10973
-28.4643	146.6263	10973
-28.4481	146.6112	10973
-28.4420	146.6054	10973
-28.4258	146.5901	10973
-28.4240	146.5884	10973
-28.4207	146.5854	10973
-28.4079	146.5733	10973
-28.4017	146.5675	10973
-28.3918	146.5582	10973
-28.3837	146.5507	10973
-28.3695	146.5373	10973
-28.3615	146.5297	10973
-28.3516	146.5205	10973
-28.3435	146.5129	10973
-28.3354	146.5053	10973
-28.3273	146.4978	10973
-28.3233	146.4940	10973
-28.3193	146.4902	10973
-28.3031	146.4750	10973
-28.2969	146.4693	10973
-28.2869	146.4599	10973
-28.2789	146.4524	10973
-28.2746	146.4484	10973
-28.2646	146.4390	10973
-28.2628	146.4373	10973
-28.2466	146.4221	10973
-28.2404	146.4163	10973
-28.2262	146.4031	10973
-28.1900	146.3692	10973
-28.1837	146.3633	10973
-28.1770	146.3570	10973
-28.1675	146.3481	10973
-28.1656	146.3464	10973
-28.1494	146.3313	10973
-28.1331	146.3161	10973
-28.1268	146.3102	10973
-28.1086	146.2933	10973
-28.0923	146.2781	10973
-28.0761	146.2629	10973
-28.0679	146.2554	10973
-28.0536	146.2420	10973
-28.0517	146.2402	10973
-28.0355	146.2251	10973
-28.0292	146.2193	10973
-28.0191	146.2100	10973
-28.0110	146.2024	10973
-28.0029	146.1949	10973
-27.9948	146.1874	10973
-27.9804	146.1740	10973
-27.9704	146.1647	10973
-27.9624	146.1572	10973
-27.9542	146.1496	10973
-27.9461	146.1421	10973
-27.9299	146.1271	10973
-27.9237	146.1213	10973
-27.9138	146.1121	10973
-27.9057	146.1046	10973
-27.8977	146.0971	10973
-27.8896	146.0897	10973
-27.8832	146.0838	10973
-27.8735	146.0747	10973
-27.8354	146.0395	10973
-27.8176	146.0228	10973
-27.8020	146.0078	10973
-27.7876	145.9937	10973
-27.7789	145.9849	10973
-27.7638	145.9694	10973
-27.7489	145.9536	10973
-27.7285	145.9315	10973
-27.7122	145.9137	10973
-27.7057	145.9065	10973
-27.6977	145.8975	10973
-27.6832	145.8814	10973
-27.6776	145.8751	10973
-27.6633	145.8589	10973
-27.6616	145.8571	10973
-27.6473	145.8409	10973
-27.6330	145.8248	10973
-27.6259	145.8168	10973
-27.6187	145.8087	10973
-27.6116	145.8007	10973
-27.5973	145.7846	10973
-27.5918	145.7784	10973
-27.5831	145.7686	10973
-27.5759	145.7605	10973
-27.5688	145.7526	10973
-27.5617	145.7445	10973
-27.5490	145.7304	10973
-27.5419	145.7224	10973
-27.5331	145.7126	10973
-27.5259	145.7046	10973
-27.5188	145.6966	10973
-27.5116	145.6886	10973
-27.5044	145.6807	10973
-27.4918	145.6665	10973
-27.4846	145.6585	10973
-27.4757	145.6487	10973
-27.4686	145.6407	10973
-27.4614	145.6328	10973
-27.4542	145.6248	10973
-27.4415	145.6107	10973
-27.4343	145.6027	10973
-27.4038	145.5691	10973
-27.3601	145.5208	10973
-27.3246	145.4816	10973
-27.3190	145.4755	10973
-27.3164	145.4726	10973
-27.3046	145.4595	10973
-27.3030	145.4577	10973
-27.2886	145.4419	10973
-27.2741	145.4261	10973
-27.2732	145.4249	10973
-27.2542	145.4040	10973
-27.2382	145.3863	10973
-27.2297	145.3771	10973
-27.2237	145.3705	10973
-27.2038	145.3486	10973
-27.2022	145.3467	10973
-27.1878	145.3309	10973
-27.1868	145.3298	10973
-27.1733	145.3151	10973
-27.1589	145.2991	10973
-27.1517	145.2912	10973
-27.1389	145.2771	10973
-27.1373	145.2753	10973
-27.1228	145.2595	10973
-27.1172	145.2534	10973
-27.1083	145.2435	10973
-27.1010	145.2356	10973
-27.0938	145.2277	10973
-27.0866	145.2197	10973
-27.0737	145.2057	10973
-27.0664	145.1977	10973
-27.0575	145.1879	10973
-27.0566	145.1869	10973
-27.0502	145.1799	10973
-27.0430	145.1720	10973
-27.0357	145.1639	10973
-27.0284	145.1560	10973
-27.0138	145.1401	10973
-27.0082	145.1339	10973
-26.9993	145.1241	10973
-26.9643	145.0859	10973
-26.9481	145.0682	10973
-26.9425	145.0621	10973
-26.9278	145.0461	10973
-26.9261	145.0442	10973
-26.9114	145.0282	10973
-26.8911	145.0060	10973
-26.8747	144.9880	10973
-26.8599	144.9720	10973
-26.8488	144.9599	10973
-26.8452	144.9559	10973
-26.8395	144.9497	10973
-26.8248	144.9336	10973
-26.8230	144.9318	10973
-26.8083	144.9157	10973
-26.8045	144.9116	10973
-26.7935	144.8995	10973
-26.7878	144.8934	10973
-26.7729	144.8772	10973
-26.7713	144.8754	10973
-26.7564	144.8593	10973
-26.7416	144.8432	10973
-26.7342	144.8351	10973
-26.7268	144.8270	10973
-26.7194	144.8190	10973
-26.7063	144.8048	10973
-26.7046	144.8030	10973
-26.6898	144.7869	10973
-26.6825	144.7789	10973
-26.6747	144.7705	10973
-26.6672	144.7625	10973
-26.6599	144.7545	10973
-26.6525	144.7465	10973
-26.6400	144.7329	10973
-26.6326	144.7250	10973
-26.6232	144.7147	10973
-26.6158	144.7067	10973
-26.6085	144.6988	10973
-26.6012	144.6908	10973
-26.5939	144.6829	10973
-26.5815	144.6694	10973
-26.5742	144.6615	10973
-26.5647	144.6514	10973
-26.4952	144.5762	10973
-26.4797	144.5594	10973
-26.4703	144.5493	10973
-26.4631	144.5415	10973
-26.4558	144.5337	10973
-26.4516	144.5292	10973
-26.4435	144.5203	10973
-26.4362	144.5125	10973
-26.4270	144.5025	10973
-26.4197	144.4947	10973
-26.4125	144.4869	10973
-26.4053	144.4792	10973
-26.3930	144.4659	10973
-26.3909	144.4637	10973
-26.3766	144.4483	10973
-26.3715	144.4428	10973
-26.3648	144.4355	10973
-26.3622	144.4329	10973
-26.3551	144.4251	10973
-26.3407	144.4097	10973
-26.2761	144.3402	10973
-26.2617	144.3247	10973
-26.2566	144.3192	10973
-26.2421	144.3038	10973
-26.2401	144.3015	10973
-26.2257	144.2861	10973
-26.2112	144.2707	10973
-26.1917	144.2497	10973
-26.1896	144.2474	10973
-26.1752	144.2319	10973
-26.1607	144.2165	10973
-26.1463	144.2010	10973
-26.1391	144.1933	10973
-26.1262	144.1796	10973
-26.0811	144.1313	10973
-26.0738	144.1236	10973
-26.0610	144.1098	10973
-26.0594	144.1081	10973
-26.0448	144.0926	10973
-26.0375	144.0848	10973
-26.0303	144.0771	10973
-26.0231	144.0693	10973
-26.0102	144.0557	10973
-26.0029	144.0479	10973
-25.9940	144.0384	10973
-25.9731	144.0161	10973
-25.9360	143.9766	10973
-25.9287	143.9689	10973
-25.9215	143.9612	10973
-25.9143	143.9535	10973
-25.9015	143.9398	11003
-25.8999	143.9380	11003
-25.8854	143.9227	11003
-25.8798	143.9168	11003
-25.8710	143.9073	11003
-25.8638	143.8997	11003
-25.8510	143.8861	11003
-25.8493	143.8843	11003
-25.8440	143.8786	11003
-25.8349	143.8689	11003
-25.8205	143.8536	11003
-25.8148	143.8477	11034
-25.8003	143.8323	11034
-25.7987	143.8306	11034
-25.7842	143.8152	11034
-25.7697	143.7999	11034
-25.7480	143.7768	11034
-25.7335	143.7614	11064
-25.7190	143.7462	11064
-25.6989	143.7248	11064
-25.6828	143.7077	11064
-25.6683	143.6924	11064
-25.6625	143.6863	11079
-25.6537	143.6770	11095
-25.6465	143.6694	11095
-25.6335	143.6558	11095
-25.6319	143.6540	11095
-25.6173	143.6386	11095
-25.6028	143.6233	11095
-25.5955	143.6156	11095
-25.5914	143.6113	11102
-25.5826	143.6019	11125
-25.5809	143.6003	11125
-25.5229	143.5389	11133
-25.5088	143.5240	11125
-25.5017	143.5165	11125
-25.4945	143.5089	11156
-25.4873	143.5014	11156
-25.4746	143.4880	11156
-25.4675	143.4804	11156
-25.4587	143.4712	11156
-25.4515	143.4636	11156
-25.4443	143.4561	11156
-25.4371	143.4486	11156
-25.4363	143.4476	11156
-25.4245	143.4352	11156
-25.4228	143.4335	11156
-25.4085	143.4185	11156
-25.3942	143.4034	11186
-25.3887	143.3977	11186
-25.3799	143.3884	11186
-25.3728	143.3809	11186
-25.3585	143.3659	11186
-25.3442	143.3509	11186
-25.3300	143.3360	11186
-25.3245	143.3303	11186
-25.3223	143.3279	11201
-25.3103	143.3153	11217
-25.3087	143.3136	11217
-25.2944	143.2987	11217
-25.2802	143.2839	11217
-25.2793	143.2829	11209
-25.2660	143.2690	11217
-25.2606	143.2632	11217
-25.2447	143.2467	11217
-25.2305	143.2318	11247
-25.2163	143.2169	11247
-25.2108	143.2112	11247
-25.1966	143.1963	11247
-25.1949	143.1946	11247
-25.1807	143.1797	11247
-25.1707	143.1693	11247
-25.1665	143.1649	11247
-25.1594	143.1575	11247
-25.1469	143.1444	11247
-25.1382	143.1352	11278
-25.1311	143.1278	11278
-25.1226	143.1190	1127
-25.0800	143.0745	11278
-25.0744	143.0687	11278
-25.0673	143.0613	11278
-25.0530	143.0465	11278
-25.0387	143.0316	11278
-25.0332	143.0258	11278
-25.0189	143.0109	11278
-25.0173	143.0092	11278
-25.0030	142.9943	11278
-24.9932	142.9840	11278
-24.9888	142.9794	11278
-24.9745	142.9647	11278
-24.9690	142.9589	11278
-24.9531	142.9424	11278
-24.9505	142.9398	11278
-24.9388	142.9276	11278
-24.9246	142.9128	11278
-24.9191	142.9071	11278
-24.9048	142.8923	11278
-24.9032	142.8905	11278
-24.8889	142.8757	11278
-24.8746	142.8609	11278
-24.8690	142.8551	11278
-24.8602	142.8459	11278
-24.8531	142.8385	11278
-24.8404	142.8253	11278
-24.8387	142.8236	11278
-24.8244	142.8087	11278
-24.8189	142.8030	11278
-24.8101	142.7939	11278
-24.8029	142.7865	11278
-24.7957	142.7791	11278
-24.7886	142.7716	11278
-24.7759	142.7585	11278
-24.7743	142.7569	11278
-24.7600	142.7420	11278
-24.7546	142.7363	11278
-24.7457	142.7273	11278
-24.7386	142.7199	11278
-24.7356	142.7167	11278
-24.7315	142.7125	11278
-24.7244	142.7052	11278
-24.7117	142.6921	11278
-24.7030	142.6830	11278
-24.6925	142.6722	11278
-24.6477	142.6259	11278
-24.6389	142.6169	11278
-24.6318	142.6096	11278
-24.6246	142.6023	11278
-24.6176	142.5949	11278
-24.6050	142.5819	11278
-24.6034	142.5802	11278
-24.5891	142.5655	11278
-24.5836	142.5599	11278
-24.5749	142.5509	11278
-24.5678	142.5435	11278
-24.5642	142.5399	11278
-24.5607	142.5362	11278
-24.5535	142.5288	11278
-24.5409	142.5158	11278
-24.5392	142.5141	11278
-24.5250	142.4995	11278
-24.5195	142.4938	11278
-24.5107	142.4848	11278
-24.5037	142.4775	11278
-24.4911	142.4645	11278
-24.4894	142.4628	11278
-24.4752	142.4482	11278
-24.4610	142.4336	11278
-24.4555	142.4279	11278
-24.4414	142.4134	11278
-24.4398	142.4117	11278
-24.4256	142.3972	11278
-24.4114	142.3826	11278
-24.4013	142.3723	11285
-24.3972	142.3681	11278
-24.3917	142.3624	11278
-24.3775	142.3478	11278
-24.3758	142.3461	11308
-24.3616	142.3315	11308
-24.3474	142.3170	11308
-24.3462	142.3157	11316
-24.3261	142.2951	11339
-24.3119	142.2806	11339
-24.2977	142.2660	11339
-24.2863	142.2544	11354
-24.2478	142.2150	11369
-24.2372	142.2042	11384
-24.1962	142.1582	11422
-24.1863	142.1463	1143
-24.1813	142.1402	1143
-24.1734	142.1303	1143
-24.1671	142.1222	1143
-24.1563	142.1075	1146
-24.1549	142.1056	1146
-24.1431	142.0887	1146
-24.1386	142.0822	1146
-24.1314	142.0718	1146
-24.1255	142.0633	11491
-24.1196	142.0548	11491
-24.1139	142.0462	11491
-24.1114	142.0423	11491
-24.1084	142.0374	11491
-24.0989	142.0217	11491
-24.0936	142.0128	11521
-24.0873	142.0017	11521
-24.0820	141.9927	11521
-24.0768	141.9837	11521
-24.0717	141.9745	11521
-24.0631	141.9581	11521
-24.0620	141.9560	11521
-24.0524	141.9373	11521
-24.0487	141.9300	11521
-24.0428	141.9186	11521
-24.0380	141.9092	11521
-24.0296	141.8926	11521
-24.0285	141.8904	11521
-24.0029	141.8330	1146
-23.9910	141.8015	1146
-23.9835	141.7811	1146
-23.9759	141.7608	1143
-23.9730	141.7529	1143
-23.9654	141.7328	1143
-23.9645	141.7305	1143
-23.9562	141.7107	1143
-23.9494	141.6953	114
-23.9476	141.6913	114
-23.9344	141.6653	114
-23.9332	141.6632	114
-23.9187	141.6402	11369
-23.8783	141.5875	11339
-23.8654	141.5713	11339
-23.8521	141.5555	11308
-23.8469	141.5495	11308
-23.8329	141.5343	11308
-23.8313	141.5326	11308
-23.8274	141.5286	113
-23.8171	141.5177	11308
-23.7689	141.4668	11278
-23.7672	141.4651	11278
-23.7639	141.4617	11278
-23.7527	141.4502	11278
-23.7470	141.4445	11278
-23.7379	141.4356	11278
-23.7305	141.4282	11278
-23.7230	141.4209	11278
-23.7196	141.4176	11278
-23.7156	141.4137	11278
-23.7024	141.4007	11278
-23.6950	141.3933	11278
-23.6859	141.3844	11278
-23.6784	141.3771	11278
-23.6710	141.3697	11278
-23.6636	141.3624	11278
-23.6561	141.3551	11278
-23.6427	141.3424	11278
-23.6351	141.3352	11278
-23.6258	141.3263	11278
-23.6183	141.3192	11278
-23.6108	141.3120	11278
-23.6032	141.3048	11278
-23.5899	141.2921	11278
-23.5881	141.2904	11278
-23.5838	141.2863	11278
-23.5730	141.2760	11278
-23.5671	141.2704	11278
-23.5578	141.2615	11278
-23.5502	141.2543	11278
-23.5426	141.2471	11278
-23.5349	141.2398	11278
-23.5197	141.2253	11278
-23.5043	141.2107	11278
-23.4985	141.2051	11278
-23.4920	141.1989	11278
-23.4891	141.1960	11278
-23.4814	141.1888	11278
-23.4659	141.1742	11278
-23.3943	141.1105	11278
-23.3784	141.0963	11278
-23.3544	141.0750	11278
-23.3384	141.0608	11278
-23.3226	141.0466	11278
-23.3011	141.0263	11278
-23.2325	140.9589	11278
-23.2303	140.9568	11278
-23.2254	140.9520	11278
-23.2149	140.9420	11278
-23.1995	140.9271	11278
-23.1935	140.9213	11278
-23.1840	140.9122	11278
-23.1763	140.9048	11278
-23.1627	140.8917	11278
-23.1609	140.8900	11278
-23.1455	140.8753	11278
-23.1301	140.8605	11278
-23.1224	140.8530	11278
-23.1148	140.8457	11278
-23.1071	140.8383	11278
-23.0935	140.8252	11278
-23.0858	140.8179	11278
-23.0833	140.8154	11278
-23.0764	140.8088	11278
-23.0687	140.8014	11278
-23.0610	140.7940	11278
-23.0533	140.7866	11278
-23.0456	140.7792	11278
-23.0372	140.7711	11278
-23.0320	140.7662	11278
-23.0226	140.7571	11278
-23.0149	140.7498	11278
-23.0073	140.7424	11278
-22.9996	140.7350	11278
-22.9919	140.7277	11278
-22.9766	140.7130	11278
-22.9707	140.7073	11278
-22.9613	140.6983	11278
-22.9536	140.6909	11278
-22.9531	140.6905	11278
-22.9401	140.6779	11278
-22.9383	140.6762	11278
-22.9033	140.6426	11278
-22.8696	140.6103	11278
-22.8543	140.5957	11278
-22.8390	140.5811	11278
-22.8331	140.5754	11278
-22.8161	140.5591	11278
-22.8073	140.5507	11278
-22.8008	140.5444	11278
-22.7855	140.5299	11278
-22.7581	140.5036	11278
-22.7320	140.4786	11278
-22.7243	140.4713	11278
-22.7167	140.4640	11278
-22.7118	140.4594	11278
-22.7091	140.4568	11278
-22.6955	140.4438	11278
-22.6938	140.4422	11278
-22.6785	140.4276	11278
-22.6709	140.4203	11278
-22.6633	140.4130	11278
-22.6557	140.4057	11278
-22.6421	140.3928	11278
-22.6404	140.3911	11278
-22.6251	140.3766	11278
-22.6175	140.3693	11278
-22.6098	140.3621	11278
-22.6022	140.3548	11278
-22.5945	140.3474	11278
-22.5869	140.3402	11278
-22.5842	140.3376	11293
-22.5733	140.3273	11308
-22.5656	140.3200	11308
-22.5562	140.3110	11308
-22.5190	140.2756	11308
-22.5045	140.2619	11308
-22.4952	140.2530	11339
-22.4876	140.2458	11339
-22.4800	140.2386	11339
-22.4724	140.2313	11339
-22.4664	140.2257	11331
-22.4193	140.1809	11339
-22.4059	140.1682	11339
-22.4042	140.1666	11339
-22.3892	140.1523	11339
-22.3833	140.1467	11339
-22.3740	140.1380	11369
-22.3665	140.1309	11369
-22.3532	140.1182	11369
-22.3515	140.1166	11369
-22.3364	140.1023	11369
-22.3355	140.1015	11361
-22.3213	140.0879	11369
-22.3154	140.0824	11369
-22.3002	140.0680	11369
-22.2985	140.0664	11369
-22.2832	140.0519	114
-22.2680	140.0375	114
-22.2610	140.0309	11392
-22.2468	140.0175	114
-22.2297	140.0013	114
-22.2144	139.9868	1143
-22.2085	139.9812	11422
-22.1991	139.9723	1143
-22.1779	139.9522	1143
-22.1761	139.9506	1143
-22.1608	139.9361	1143
-22.1456	139.9218	1143
-22.1397	139.9161	1143
-22.1303	139.9073	1143
-22.1227	139.9001	1143
-22.1091	139.8874	1146
-22.1074	139.8857	1146
-22.0921	139.8713	1146
-22.0769	139.8569	1146
-22.0692	139.8497	1146
-22.0616	139.8425	1146
-22.0540	139.8353	1146
-22.0404	139.8225	11491
-22.0386	139.8208	11491
-22.0233	139.8064	11491
-22.0156	139.7991	11491
-21.9861	139.7714	11499
-21.9617	139.7484	11521
-21.9540	139.7412	11521
-21.9463	139.7339	11521
-21.9385	139.7267	11521
-21.9308	139.7194	11521
-21.9171	139.7065	11521
-21.9076	139.6976	11521
-21.8998	139.6903	11521
-21.8920	139.6829	11521
-21.8843	139.6757	11521
-21.8705	139.6628	11552
-21.8687	139.6611	11552
-21.8531	139.6465	11552
-21.8471	139.6408	11552
-21.8422	139.6362	11544
-21.8375	139.6318	11552
-21.8297	139.6245	11552
-21.8159	139.6115	11552
-21.8141	139.6099	11552
-21.7985	139.5951	11552
-21.7954	139.5922	11567
-21.7829	139.5805	11582
-21.7750	139.5731	11582
-21.7672	139.5658	11582
-21.7594	139.5585	11582
-21.7456	139.5455	11582
-21.7438	139.5439	11582
-21.7416	139.5418	11582
-21.7282	139.5292	11582
-21.7126	139.5146	11582
-21.7047	139.5073	11582
-21.6891	139.4927	11582
-21.6811	139.4852	11582
-21.6735	139.4780	11582
-21.6578	139.4633	11582
-21.6518	139.4577	11582
-21.6344	139.4414	11582
-21.6187	139.4268	11582
-21.6029	139.4122	11582
-21.5811	139.3917	11582
-21.5635	139.3753	11582
-21.5380	139.3515	11582
-21.4927	139.3092	11582
-21.4915	139.3081	11582
-21.4770	139.2946	11582
-21.4710	139.2890	11582
-21.4613	139.2799	11582
-21.4534	139.2726	11582
-21.4395	139.2596	11582
-21.4316	139.2522	11582
-21.4219	139.2433	11582
-21.4140	139.2359	11582
-21.4061	139.2286	11582
-21.3982	139.2212	11582
-21.3974	139.2205	11582
-21.3904	139.2139	11582
-21.3825	139.2066	11582
-21.3685	139.1936	11582
-21.3589	139.1846	11582
-21.3510	139.1773	11582
-21.3498	139.1762	11582
-21.3431	139.1699	11582
-21.3352	139.1627	11582
-21.3272	139.1553	11582
-21.3194	139.1479	11582
-21.3036	139.1332	11582
-21.2975	139.1275	11582
-21.2877	139.1185	11582
-21.2798	139.1112	11582
-21.2720	139.1038	11582
-21.2640	139.0965	11582
-21.2549	139.0880	11582
-21.2483	139.0819	11582
-21.2246	139.0599	11582
-21.2088	139.0452	11582
-21.2072	139.0437	11582
-21.1930	139.0306	11582
-21.1711	139.0103	11582
-21.1693	139.0086	11582
-21.1534	138.9939	11582
-21.1375	138.9792	11582
-21.1217	138.9645	11582
-21.1137	138.9572	11582
-21.1125	138.9560	11582
-21.1058	138.9498	11582
-21.0979	138.9424	11582
-21.0820	138.9277	11582
-21.0585	138.9060	11582
-21.0103	138.8616	11582
-21.0041	138.8559	11582
-20.9943	138.8468	11582
-20.9864	138.8395	11582
-20.9784	138.8321	11582
-20.9704	138.8247	11582
-20.9563	138.8117	11582
-20.9465	138.8026	11582
-20.9385	138.7953	11582
-20.9305	138.7879	11582
-20.9225	138.7805	11582
-20.9084	138.7674	11582
-20.9065	138.7658	11582
-20.8906	138.7509	11582
-20.8844	138.7453	11582
-20.8746	138.7362	11582
-20.8666	138.7289	11582
-20.8525	138.7159	11582
-20.8507	138.7142	11582
-20.8348	138.6995	11582
-20.8188	138.6849	11582
-20.8127	138.6793	11582
-20.8030	138.6703	11582
-20.7950	138.6630	11582
-20.7792	138.6484	11582
-20.7685	138.6387	11582
-20.7634	138.6339	11582
-20.7415	138.6138	11582
-20.7397	138.6121	11582
-20.7240	138.5976	11582
-20.7214	138.5953	11582
-20.7082	138.5831	11582
-20.6863	138.5631	11582
-20.6744	138.5521	11582
-20.6262	138.5079	11582
-20.6156	138.4982	11582
-20.6137	138.4965	11582
-20.5980	138.4820	11582
-20.5789	138.4645	11582
-20.5427	138.4313	11582
-20.5269	138.4169	11582
-20.5110	138.4023	11582
-20.5031	138.3950	11582
-20.4951	138.3878	11582
-20.4810	138.3749	11582
-20.4350	138.3328	11582
-20.4175	138.3168	11582
-20.4076	138.3078	11582
-20.3997	138.3005	11582
-20.3917	138.2932	11582
-20.3838	138.2859	11582
-20.3697	138.2731	11582
-20.3679	138.2714	11582
-20.3519	138.2568	11582
-20.3457	138.2512	11582
-20.3359	138.2422	11582
-20.3279	138.2350	11582
-20.3138	138.2220	11582
-20.3119	138.2203	11582
-20.2960	138.2058	11582
-20.2800	138.1912	11582
-20.2738	138.1856	11582
-20.2560	138.1694	11582
-20.2400	138.1547	11582
-20.2240	138.1402	11582
-20.2018	138.1200	11582
-20.2000	138.1183	11582
-20.1840	138.1038	11582
-20.1680	138.0892	11582
-20.1519	138.0746	11582
-20.1440	138.0674	11582
-20.1293	138.0541	11582
-20.1280	138.0529	11582
-20.0938	138.0218	11582
-20.0574	137.9887	11582
-20.0560	137.9874	11582
-20.0464	137.9786	11582
-20.0401	137.9730	11582
-20.0321	137.9657	11582
-20.0241	137.9584	11582
-20.0161	137.9512	11582
-20.0081	137.9440	11582
-20.0001	137.9366	11582
-19.9976	137.9344	11582
-19.9841	137.9222	11582
-19.9761	137.9149	11582
-19.9681	137.9076	11582
-19.9601	137.9004	11582
-19.9521	137.8931	11582
-19.9489	137.8902	11582
-19.9442	137.8859	11582
-19.9295	137.8726	11582
-19.9201	137.8641	11582
-19.9121	137.8568	11582
-19.9041	137.8496	11582
-19.9015	137.8472	11582
-19.8961	137.8424	11582
-19.8881	137.8351	11582
-19.8801	137.8278	11582
-19.8654	137.8146	11582
-19.8574	137.8073	11582
-19.8523	137.8027	11582
-19.8480	137.7989	11582
-19.8401	137.7917	11582
-19.8320	137.7844	11582
-19.8240	137.7772	11582
-19.8092	137.7638	11582
-19.8079	137.7626	11582
-19.8036	137.7587	11582
-19.7919	137.7481	11582
-19.7852	137.7420	11582
-19.7758	137.7335	11582
-19.7678	137.7263	11582
-19.7531	137.7130	11582
-19.7517	137.7118	11582
-19.7356	137.6973	11582
-19.7191	137.6823	11582
-19.7129	137.6767	11582
-19.7057	137.6702	11582
-19.6968	137.6622	11582
-19.6950	137.6606	11582
-19.6789	137.6460	11582
-19.6629	137.6316	11582
-19.6406	137.6114	11582
-19.5988	137.5738	11582
-19.5681	137.5462	11582
-19.5662	137.5444	11582
-19.5107	137.4945	11582
-19.4954	137.4807	11582
-19.4935	137.4790	11582
-19.4773	137.4645	11582
-19.4611	137.4499	11582
-19.4549	137.4443	11582
-19.4450	137.4353	11582
-19.4369	137.4280	11582
-19.4225	137.4152	11582
-19.4206	137.4135	11582
-19.4124	137.4060	11582
-19.3644	137.3630	11582
-19.3234	137.3263	11582
-19.3153	137.3191	11582
-19.3072	137.3117	11582
-19.2929	137.2989	11582
-19.2848	137.2916	11582
-19.2749	137.2827	11582
-19.2668	137.2754	11582
-19.2587	137.2681	11582
-19.2506	137.2609	11582
-19.2425	137.2536	11582
-19.2263	137.2391	11582
-19.2200	137.2335	11582
-19.2101	137.2246	11582
-19.2020	137.2173	11582
-19.1876	137.2045	11582
-19.1858	137.2028	11582
-19.1671	137.1861	11582
-19.1126	137.1375	11582
-19.0964	137.1230	11582
-19.0739	137.1030	11582
-19.0720	137.1013	11582
-19.0557	137.0867	11582
-19.0394	137.0722	11582
-19.0341	137.0674	11582
-19.0232	137.0577	11582
-19.0150	137.0504	11582
-18.9987	137.0358	11582
-18.9824	137.0213	11582
-18.9661	137.0067	11582
-18.9598	137.0011	11582
-18.9497	136.9922	11582
-18.9416	136.9849	11582
-18.9368	136.9806	11582
-18.9272	136.9720	11582
-18.9253	136.9703	11582
-18.9090	136.9558	11582
-18.9027	136.9502	11582
-18.8870	136.9362	11582
-18.8357	136.8905	11582
-18.8276	136.8833	11582
-18.8194	136.8760	11582
-18.8112	136.8687	11582
-18.8031	136.8615	11582
-18.7868	136.8470	11582
-18.7806	136.8415	11582
-18.7705	136.8325	11582
-18.7624	136.8253	11582
-18.7542	136.8180	11582
-18.7461	136.8109	11582
-18.7397	136.8052	11582
-18.7298	136.7964	11582
-18.7137	136.7821	11582
-18.7056	136.7749	11582
-18.6974	136.7677	11582
-18.6894	136.7605	11582
-18.6732	136.7462	11582
-18.6570	136.7318	11582
-18.6508	136.7263	11582
-18.6422	136.7187	11582
-18.6347	136.7120	11582
-18.6328	136.7103	11582
-18.6167	136.6961	11582
-18.6006	136.6817	11582
-18.5941	136.6760	11582
-18.5782	136.6620	11582
-18.5603	136.6461	11582
-18.5441	136.6317	11582
-18.5280	136.6174	11582
-18.5218	136.6119	11582
-18.5057	136.5976	11582
-18.5038	136.5960	11582
-18.4974	136.5903	11582
-18.4876	136.5817	11582
-18.4715	136.5673	11582
-18.4652	136.5618	11582
-18.4553	136.5530	11582
-18.4471	136.5458	11582
-18.4328	136.5332	11582
-18.4308	136.5315	11582
-18.4146	136.5171	11582
-18.4083	136.5116	11582
-18.3989	136.5033	11582
-18.3576	136.4668	11582
-18.3504	136.4604	11582
-18.3413	136.4524	11582
-18.3350	136.4469	11582
-18.3251	136.4380	11582
-18.3169	136.4309	11582
-18.3088	136.4237	11582
-18.3007	136.4165	11582
-18.2844	136.4021	11582
-18.2782	136.3967	11582
-18.2681	136.3878	11582
-18.2600	136.3807	11582
-18.2519	136.3735	11582
-18.2438	136.3665	11582
-18.2294	136.3538	11582
-18.2213	136.3466	11582
-18.2113	136.3378	11582
-18.2032	136.3306	11582
-18.2032	136.3307	11582
-18.1951	136.3235	11582
-18.1870	136.3163	11582
-18.1788	136.3092	11582
-18.1644	136.2965	11582
-18.1563	136.2893	11582
-18.1463	136.2805	11582
-18.1382	136.2733	11582
-18.1301	136.2662	11582
-18.1219	136.2590	11582
-18.1075	136.2464	11582
-18.1056	136.2447	11582
-18.1055	136.2446	11582
-18.0893	136.2304	11582
-18.0830	136.2249	11582
-18.0730	136.2161	11582
-18.0649	136.2089	11582
-18.0567	136.2017	11582
-18.0562	136.2013	11582
-18.0485	136.1946	11582
-18.0342	136.1819	11582
-18.0260	136.1748	11582
-18.0160	136.1660	11582
-18.0079	136.1588	11582
-18.0079	136.1588	11582
-17.9997	136.1516	11582
-17.9916	136.1445	11582
-17.9772	136.1318	11582
-17.9753	136.1302	11582
-17.9590	136.1159	11582
-17.9527	136.1104	11582
-17.9427	136.1016	11582
-17.9345	136.0944	11582
-17.9264	136.0873	11582
-17.9095	136.0725	11582
-17.8630	136.0317	11582
-17.8612	136.0300	11582
-17.8605	136.0295	11582
-17.8449	136.0158	11582
-17.8286	136.0015	11582
-17.8041	135.9800	11582
-17.7877	135.9657	11582
-17.7815	135.9603	11582
-17.7714	135.9515	11582
-17.7632	135.9443	11582
-17.7621	135.9433	11582
-17.7488	135.9317	11582
-17.7406	135.9246	11582
-17.7306	135.9158	11582
-17.7223	135.9086	11582
-17.7142	135.9015	11582
-17.7129	135.9004	11582
-17.7060	135.8943	11582
-17.6978	135.8872	11582
-17.6834	135.8745	11582
-17.6751	135.8673	11582
-17.6651	135.8586	11582
-17.6569	135.8513	11582
-17.6488	135.8442	11582
-17.6406	135.8371	11582
-17.6324	135.8299	11582
-17.6242	135.8228	11582
-17.6078	135.8085	11582
-17.6015	135.8030	11582
-17.5914	135.7941	11582
-17.5833	135.7870	11582
-17.5750	135.7799	11582
-17.5669	135.7727	11582
-17.5654	135.7714	11582
-17.5523	135.7600	11582
-17.5504	135.7584	11582
-17.5339	135.7440	11582
-17.5275	135.7385	11582
-17.5174	135.7297	11582
-17.5092	135.7224	11582
-17.4946	135.7098	11582
-17.4927	135.7081	11582
-17.4762	135.6938	11582
-17.4665	135.6852	11582
-17.4598	135.6795	11582
-17.4535	135.6739	11582
-17.4433	135.6651	11582
-17.4351	135.6579	11582
-17.3627	135.5949	11582
-17.3608	135.5933	11582
-17.3443	135.5790	11582
-17.3278	135.5647	11582
-17.3032	135.5432	11582
-17.2867	135.5289	11582
-17.2702	135.5146	11582
-17.1962	135.4504	11582
-17.1880	135.4432	11582
-17.1735	135.4306	11582
-17.1716	135.4290	11582
-17.1551	135.4147	11582
-17.1488	135.4092	11582
-17.1387	135.4004	11582
-17.1304	135.3932	11582
-17.1222	135.3861	11582
-17.1140	135.3789	11582
-17.0994	135.3663	11582
-17.0811	135.3505	11582
-17.0728	135.3434	11582
-17.0646	135.3363	11582
-17.0635	135.3354	11582
-17.0564	135.3291	11582
-17.0481	135.3220	11582
-17.0331	135.3090	11582
-17.0248	135.3019	11582
-17.0153	135.2935	11582
-17.0070	135.2864	11582
-16.9988	135.2793	11582
-16.9906	135.2722	11582
-16.9741	135.2580	11582
-16.9636	135.2488	11582
-16.9577	135.2437	11582
-16.9508	135.2378	11582
-16.9412	135.2295	11582
-16.9330	135.2224	11582
-16.9180	135.2094	11582
-16.9166	135.2082	11582
-16.9145	135.2064	11582
-16.9002	135.1940	11582
-16.8837	135.1798	11582
-16.8769	135.1739	11582
-16.8029	135.1101	11582
-16.7851	135.0947	11582
-16.7686	135.0804	11582
-16.7522	135.0662	11582
-16.7288	135.0460	11582
-16.7274	135.0448	11582
-16.7109	135.0307	11582
-16.6943	135.0164	11582
-16.6778	135.0022	11582
-16.6695	134.9951	11582
-16.6544	134.9820	11582
-16.5955	134.9304	11582
-16.5812	134.9163	11582
-16.5800	134.9151	11582
-16.5651	134.8991	11582
-16.5591	134.8922	11582
-16.5508	134.8825	11582
-16.5438	134.8741	11582
-16.5370	134.8655	11582
-16.5304	134.8568	11582
-16.5185	134.8408	11582
-16.5173	134.8393	11582
-16.5042	134.8219	11582
-16.4976	134.8132	11582
-16.4911	134.8045	11582
-16.4845	134.7959	11582
-16.4780	134.7872	11582
-16.4714	134.7784	11582
-16.4594	134.7625	11582
-16.4529	134.7538	11582
-16.4452	134.7437	11582
-16.4387	134.7351	11582
-16.4321	134.7263	11582
-16.4256	134.7176	11582
-16.4190	134.7089	11582
-16.4124	134.7002	11582
-16.4004	134.6842	11582
-16.3938	134.6756	11582
-16.3861	134.6654	11582
-16.3796	134.6567	11582
-16.3730	134.6480	11582
-16.3665	134.6393	11582
-16.3599	134.6305	11582
-16.3533	134.6219	11582
-16.3413	134.6060	11582
-16.3336	134.5958	11582
-16.2429	134.4758	11582
-16.2024	134.4224	11582
-16.1959	134.4137	11582
-16.1828	134.3964	11582
-16.1697	134.3791	11582
-16.1561	134.3613	11582
-16.1103	134.3006	11582
-16.0906	134.2747	11582
-16.0775	134.2575	11582
-16.0644	134.2402	11582
-16.0447	134.2143	11582
-16.0316	134.1970	11582
-16.0185	134.1798	11582
-16.0053	134.1624	11582
-15.9857	134.1366	11582
-15.9266	134.0589	11582
-15.9134	134.0415	11582
-15.9002	134.0242	11582
-15.8936	134.0155	11582
-15.8820	134.0002	11582
-15.8805	133.9982	11582
-15.8672	133.9809	11582
-15.8621	133.9742	11582
-15.8541	133.9635	11582
-15.8474	133.9548	11582
-15.8408	133.9462	11582
-15.8342	133.9375	11582
-15.8276	133.9289	11582
-15.8161	133.9137	11582
-15.8078	133.9028	11582
-15.8012	133.8942	11582
-15.7946	133.8854	11582
-15.7880	133.8768	11582
-15.7813	133.8681	11582
-15.7696	133.8528	11582
-15.7681	133.8508	11582
-15.7216	133.7899	11582
-15.7083	133.7725	11582
-15.6950	133.7551	11582
-15.6898	133.7483	11582
-15.6750	133.7289	11582
-15.6617	133.7115	11582
-15.6485	133.6942	11582
-15.6301	133.6700	11582
-15.6152	133.6507	11582
-15.6019	133.6332	11582
-15.5886	133.6158	11582
-15.5836	133.6093	11582
-15.5702	133.5918	11582
-15.5686	133.5898	11582
-15.5553	133.5724	11582
-15.5419	133.5549	11582
-15.5368	133.5483	11582
-15.5286	133.5376	11582
-15.5219	133.5288	11582
-15.5171	133.5227	11582
-15.4953	133.4940	11582
-15.4819	133.4766	11582
-15.4770	133.4702	11582
-15.4685	133.4591	11582
-15.4618	133.4504	11582
-15.4551	133.4417	11582
-15.4484	133.4330	11582
-15.4350	133.4155	11582
-15.4216	133.3980	11582
-15.4149	133.3893	11582
-15.4082	133.3805	11582
-15.4015	133.3718	11582
-15.3895	133.3563	11582
-15.3880	133.3543	11582
-15.3746	133.3368	11582
-15.3694	133.3301	11582
-15.3141	133.2582	11582
-15.3074	133.2495	11582
-15.3007	133.2408	11582
-15.2940	133.2321	11582
-15.2873	133.2233	11582
-15.2806	133.2147	11582
-15.2688	133.1993	11582
-15.2621	133.1906	11582
-15.2539	133.1798	11582
-15.2472	133.1712	11582
-15.2405	133.1625	11582
-15.2338	133.1538	11582
-15.2271	133.1451	11582
-15.2153	133.1298	11582
-15.2087	133.1212	11582
-15.2003	133.1104	11582
-15.1936	133.1018	11582
-15.1869	133.0931	11582
-15.1803	133.0844	11582
-15.1688	133.0695	11582
-15.1669	133.0671	11582
-15.1536	133.0497	11582
-15.1485	133.0431	11582
-15.1403	133.0325	11582
-15.1336	133.0238	11582
-15.1269	133.0151	11582
-15.1203	133.0066	11582
-15.1069	132.9893	11582
-15.0936	132.9720	11582
-15.0955	132.9745	11582
-15.0802	132.9547	11582
-15.0736	132.9461	11582
-15.0618	132.9308	11582
-15.0603	132.9288	11582
-15.0469	132.9115	11582
-15.0335	132.8941	11582
-15.0201	132.8768	11582
-15.0220	132.8792	11582
-15.0067	132.8595	11582
-15.0000	132.8508	11582
-14.9866	132.8334	11582
-14.9732	132.8161	11582
-14.8926	132.7120	11582
-14.8792	132.6947	11582
-14.8658	132.6773	11582
-14.8522	132.6599	11582
-14.8455	132.6513	11582
-14.8387	132.6425	11582
-14.8320	132.6338	11582
-14.8185	132.6164	11582
-14.8050	132.5991	11582
-14.7916	132.5817	11582
-14.7848	132.5729	11582
-14.7781	132.5643	11582
-14.7713	132.5556	11582
-14.7579	132.5383	11582
-14.7443	132.5209	11582
-14.7376	132.5121	11582
-14.7308	132.5034	11582
-14.7241	132.4948	11582
-14.7106	132.4774	11582
-14.6971	132.4599	11582
-14.6903	132.4512	11582
-14.6836	132.4426	11582
-14.6768	132.4339	11582
-14.6700	132.4252	11582
-14.6633	132.4165	11582
-14.6497	132.3990	11582
-14.6430	132.3904	11582
-14.6362	132.3817	11582
-14.6295	132.3730	11582
-14.6227	132.3644	11582
-14.6160	132.3557	11582
-14.6025	132.3383	11582
-14.5890	132.3210	11582
-14.5822	132.3123	11582
-14.5755	132.3037	11582
-14.5687	132.2949	11582
-14.5619	132.2862	11582
-14.5145	132.2254	11582
-14.5078	132.2167	11582
-14.5010	132.2080	11582
-14.4875	132.1906	11582
-14.4739	132.1732	11582
-14.4671	132.1645	11582
-14.4603	132.1558	11582
-14.4535	132.1471	11582
-14.4467	132.1384	11582
-14.4400	132.1298	11582
-14.4264	132.1124	11582
-14.4128	132.0950	11582
-14.4060	132.0863	11582
-14.3992	132.0776	11582
-14.3924	132.0688	11582
-14.3857	132.0602	11582
-14.3789	132.0515	11582
-14.3653	132.0341	11582
-14.3516	132.0167	11582
-14.3449	132.0080	11582
-14.2905	131.9385	11582
-14.2769	131.9211	11582
-14.2701	131.9124	11582
-14.2565	131.8950	11582
-14.2429	131.8776	11582
-14.2293	131.8602	11582
-14.2089	131.8342	11582
-14.1953	131.8168	11582
-14.1870	131.8062	11582
-14.1817	131.7994	11582
-14.1612	131.7732	11582
-14.1351	131.7399	11582
-14.1065	131.7035	11582
-14.0996	131.6947	11582
-14.0859	131.6772	11582
-14.0722	131.6598	11582
-14.0584	131.6423	11582
-14.0516	131.6335	11582
-14.0447	131.6248	11582
-14.0440	131.6239	11582
-14.0379	131.6161	11582
-14.0241	131.5986	11582
-14.0104	131.5811	11582
-14.0036	131.5724	11582
-13.9967	131.5637	11582
-13.9898	131.5549	11582
-13.9830	131.5463	11582
-13.9762	131.5376	11582
-13.9624	131.5201	11582
-13.9488	131.5027	11582
-13.9420	131.4940	11582
-13.9351	131.4852	11582
-13.9282	131.4765	11582
-13.9091	131.4522	11582
-13.9008	131.4417	11582
-13.8940	131.4330	11582
-13.8871	131.4244	11582
-13.8802	131.4156	11582
-13.8734	131.4069	11582
-13.8681	131.4001	11582
-13.8666	131.3982	11582
-13.8597	131.3895	11582
-13.8460	131.3721	11582
-13.8392	131.3634	11582
-13.8324	131.3547	11582
-13.8255	131.3460	11582
-13.8187	131.3374	11582
-13.8119	131.3287	11582
-13.7982	131.3113	11582
-13.7914	131.3027	11582
-13.7845	131.2940	11582
-13.7776	131.2853	11582
-13.7708	131.2767	11582
-13.7640	131.2680	11582
-13.7503	131.2507	11582
-13.7295	131.2243	11582
-13.6887	131.1726	11582
-13.6863	131.1695	11582
-13.6751	131.1554	11582
-13.6614	131.1380	11582
-13.6546	131.1294	11582
-13.6477	131.1207	11582
-13.6409	131.1121	11582
-13.6272	131.0947	11582
-13.6135	131.0774	11582
-13.5999	131.0601	11582
-13.5930	131.0515	11582
-13.5794	131.0342	11582
-13.5657	131.0168	11582
-13.5602	131.0099	11582
-13.5520	130.9995	11582
-13.5383	130.9822	11582
-13.5315	130.9736	11582
-13.5178	130.9563	11582
-13.5041	130.9391	11582
-13.4904	130.9218	11582
-13.4699	130.8958	11582
-13.4563	130.8786	11582
-13.4426	130.8614	11582
-13.4355	130.8525	11582
-13.4289	130.8441	11582
-13.4084	130.8182	11582
-13.3947	130.8010	11582
-13.3944	130.8006	11582
-13.3810	130.7836	11582
-13.3673	130.7664	11582
-13.3605	130.7578	11582
-13.3533	130.7488	11582
-13.3468	130.7405	11582
-13.3331	130.7232	11582
-13.3126	130.6974	11582
-13.2851	130.6628	11582
-13.2713	130.6454	11582
-13.2644	130.6368	11582
-13.2575	130.6281	11582
-13.2507	130.6195	11582
-13.2438	130.6108	11582
-13.2369	130.6021	11582
-13.2231	130.5848	11582
-13.2175	130.5777	11582
-13.2093	130.5675	11582
-13.2024	130.5588	11582
-13.1956	130.5502	11582
-13.1887	130.5414	11582
-13.1818	130.5327	11582
-13.1760	130.5255	11582
-13.1680	130.5154	11582
-13.1611	130.5068	11582
-13.1542	130.4981	11582
-13.1473	130.4895	11582
-13.1404	130.4808	11582
-13.1335	130.4722	11582
-13.1266	130.4635	11582
-13.1198	130.4549	11582
-13.1060	130.4375	11582
-13.0991	130.4289	11582
-13.0922	130.4202	11582
-13.0854	130.4116	11582
-13.0785	130.4030	11582
-13.0716	130.3944	11582
-13.0579	130.3771	11582
-13.0512	130.3688	11582
-13.0441	130.3599	11582
-13.0372	130.3513	11582
-13.0303	130.3426	11582
-13.0235	130.3340	11582
-13.0097	130.3167	11582
-12.9959	130.2995	11582
-12.9822	130.2823	11582
-12.9753	130.2736	11582
-12.9683	130.2649	11582
-12.9615	130.2563	11582
-12.9477	130.2390	11582
-12.9339	130.2217	11582
-12.9275	130.2137	11582
-12.8856	130.1612	11582
-12.8649	130.1352	11582
-12.8511	130.1179	11582
-12.8435	130.1085	11582
-12.8372	130.1006	11582
-12.8235	130.0833	11582
-12.8097	130.0660	11582
-12.8027	130.0574	11582
-12.7890	130.0402	11582
-12.7751	130.0229	11582
-12.7613	130.0056	11582
-12.7544	129.9969	11582
-12.7474	129.9883	11582
-12.7405	129.9797	11582
-12.7266	129.9623	11582
-12.7188	129.9525	11582
-12.7127	129.9450	11582
-12.6989	129.9277	11582
-12.6920	129.9191	11582
-12.6850	129.9103	11582
-12.6781	129.9017	11582
-12.6642	129.8843	11582
-12.6503	129.8670	11582
-12.6434	129.8583	11582
-12.6364	129.8497	11582
-12.6295	129.8409	11582
-12.6225	129.8323	11582
-12.6072	129.8133	11582
-12.5670	129.7631	11582
-12.5654	129.7611	11582
-12.5601	129.7546	11582
-12.5531	129.7458	11582
-12.5462	129.7371	11582
-12.5323	129.7199	11582
-12.5254	129.7112	11582
-12.5185	129.7026	11582
-12.5115	129.6940	11582
-12.5099	129.6920	11582
-12.5046	129.6854	11582
-12.4977	129.6767	11582
-12.4908	129.6681	11582
-12.4834	129.6589	11582
-12.4695	129.6417	11582
-12.4626	129.6330	11582
-12.4557	129.6244	11582
-12.4488	129.6158	11582
-12.4418	129.6072	11582
-12.4349	129.5985	11582
-12.4210	129.5813	11582
-12.4072	129.5642	11582
-12.4003	129.5555	11582
-12.3934	129.5469	11582
-12.3865	129.5383	11582
-12.3850	129.5365	11582
-12.3726	129.5211	11582
-12.3589	129.5040	11582
-12.3452	129.4871	11582
-12.3432	129.4846	11582
-12.3030	129.4345	11582
-12.2611	129.3825	11582
-12.2180	129.3290	11582
-12.1780	129.2794	11582
-12.1353	129.2264	11582
-12.0935	129.1747	11582
-12.0522	129.1236	11582
-12.0093	129.0704	11582
-11.9642	129.0146	11582
-11.9169	128.9562	11582
-11.8641	128.8909	11582
-11.8165	128.8321	11582
-11.7697	128.7744	11582
-11.6918	128.6784	11582
-11.6290	128.6010	11582
-11.5278	128.4763	11582
-11.4538	128.3855	11582
-11.4071	128.3281	11582
-11.3541	128.2631	11582
-11.3140	128.2138	11582
-11.2554	128.1418	11582
-11.2136	128.0907	11582
-11.1655	128.0317	11582
-11.0753	127.9246	11582
-11.0591	127.9086	11582
-11.0452	127.8913	11582
-11.0303	127.8742	11582
-10.9625	127.7869	11582
-10.9488	127.7688	11582
-10.9352	127.7512	11582
-10.8864	127.6903	11582
-10.8723	127.6726	11582
-10.8596	127.6545	11582
-10.8374	127.6289	11582
-10.8225	127.6117	11582
-10.8086	127.5944	11582
-10.7935	127.5772	11582
-10.7723	127.5512	11582
-10.7583	127.5343	11582
-10.7435	127.5170	11582
-10.7298	127.4995	11582
-10.7089	127.4737	11582
-10.6945	127.4568	11582
-10.6793	127.4390	11582
